/home/erfan/pinn_envs/pinn_1/bin/python3 /mnt/c/Users/Erfan/PycharmProjects/Test/MyClaude/InspiredByPaper/gptsecond/after The long run/second/withAdaptiveSampling/show_last_lines.py 
   0                  1                   2                      3                      4                      5                     6   7   8
 300  1.367019534111023 0.16252045333385468  0.0017337650060653687 0.00030883107683621347  0.0019108268897980452  0.005456646904349327 0.0 0.0
 400 1.5593215227127075 0.17921729385852814  0.0003954056301154196  0.0004062569350935519 1.1743914910766762e-05  0.005567552987486124 0.0 0.0
 500 2.2449657917022705 0.21225430071353912  0.0016629709862172604  0.0006237580673769116  0.0011095893569290638  0.004947329871356487 0.0 0.0
 600   2.35524582862854 0.16948369145393372  0.0014188926434144378  0.0005716414889320731  0.0007056848844513297  0.004846767522394657 0.0 0.0
   1 1008.2218627929688 0.20465190708637238   0.016780918464064598    0.05500685051083565    0.01267058216035366 0.0039111413061618805 0.0 0.0
 500 1.3948642015457153  0.5578320026397705  0.0003015249385498464 0.00036512018414214253  6.157408643048257e-05  0.004213512875139713 0.0 0.0
1000 2.7695271968841553 0.37729349732398987   0.000912825227715075  0.0007166408468037844  0.0005258648889139295  0.003195990575477481 0.0 0.0
1500  2.876539945602417  0.5129979252815247  0.0004208083846606314  0.0006866291514597833   7.61374321882613e-05 0.0028546524699777365 0.0 0.0
2000  2.832040309906006  0.5871367454528809 0.00040861553861759603  0.0005583451129496098 0.00010424398351460695  0.002518076216802001 0.0 0.0
2500  2.800428628921509  0.6563751101493835  0.0004111056914553046  0.0006904683541506529  9.965724893845618e-05  0.002581354696303606 0.0 0.0

Process finished with exit code 0
