/home/erfan/pinn_envs/pinn_1/bin/python3 /mnt/c/Users/Erfan/PycharmProjects/Test/MyClaude/InspiredByPaper/gptsecond/after The long run/second/withAdaptiveSampling/diagnostics_from_ckpt.py 
Using device: cuda
GPU: NVIDIA GeForce RTX 3080
Memory Allocated: 0.00 MB
Imported module: Pinn2
Candidate solver classes found in module: ['CascadeFlowSolver', 'PINN']
Instantiated CascadeFlowSolver with no args.
Solver object obtained. Moving on to load checkpoint.
Using device: cuda
Saved diagnostics to diagnostics_from_best_model.png
Diagnostics saved to: diagnostics_from_best_model.png
compute_forces result: (0.010818712983599987, -0.000657028753565941, array([0.00000000e+00, 1.54211776e-05, 6.16837592e-05, 1.38784891e-04,
       2.46719817e-04, 3.85481880e-04, 5.55062519e-04, 7.55451275e-04,
       9.86635786e-04, 1.24860179e-03, 1.54133313e-03, 1.86481175e-03,
       2.21901770e-03, 2.60392912e-03, 3.01952227e-03, 3.46577152e-03,
       3.94264934e-03, 4.45012632e-03, 4.98817114e-03, 5.55675063e-03,
       6.15582970e-03, 6.78537141e-03, 7.44533692e-03, 8.13568553e-03,
       8.85637464e-03, 9.60735980e-03, 1.03885947e-02, 1.12000311e-02,
       1.20416190e-02, 1.29133065e-02, 1.38150398e-02, 1.47467633e-02,
       1.57084194e-02, 1.66999490e-02, 1.77212908e-02, 1.87723818e-02,
       1.98531572e-02, 2.09635503e-02, 2.21034926e-02, 2.32729138e-02,
       2.44717419e-02, 2.56999027e-02, 2.69573206e-02, 2.82439180e-02,
       2.95596155e-02, 3.09043320e-02, 3.22779846e-02, 3.36804884e-02,
       3.51117571e-02, 3.65717022e-02, 3.80602337e-02, 3.95772599e-02,
       4.11226872e-02, 4.26964201e-02, 4.42983617e-02, 4.59284131e-02,
       4.75864738e-02, 4.92724414e-02, 5.09862121e-02, 5.27276801e-02,
       5.44967379e-02, 5.62932765e-02, 5.81171850e-02, 5.99683509e-02,
       6.18466600e-02, 6.37519965e-02, 6.56842428e-02, 6.76432797e-02,
       6.96289865e-02, 7.16412406e-02, 7.36799178e-02, 7.57448925e-02,
       7.78360372e-02, 7.99532231e-02, 8.20963193e-02, 8.42651938e-02,
       8.64597129e-02, 8.86797410e-02, 9.09251413e-02, 9.31957752e-02,
       9.54915028e-02, 9.78121824e-02, 1.00157671e-01, 1.02527823e-01,
       1.04922494e-01, 1.07341535e-01, 1.09784796e-01, 1.12252128e-01,
       1.14743379e-01, 1.17258393e-01, 1.19797017e-01, 1.22359094e-01,
       1.24944465e-01, 1.27552972e-01, 1.30184453e-01, 1.32838745e-01,
       1.35515686e-01, 1.38215110e-01, 1.40936851e-01, 1.43680741e-01,
       1.46446609e-01, 1.49234287e-01, 1.52043602e-01, 1.54874380e-01,
       1.57726447e-01, 1.60599627e-01, 1.63493743e-01, 1.66408617e-01,
       1.69344067e-01, 1.72299915e-01, 1.75275976e-01, 1.78272068e-01,
       1.81288005e-01, 1.84323602e-01, 1.87378672e-01, 1.90453025e-01,
       1.93546473e-01, 1.96658824e-01, 1.99789887e-01, 2.02939469e-01,
       2.06107374e-01, 2.09293408e-01, 2.12497374e-01, 2.15719075e-01,
       2.18958311e-01, 2.22214883e-01, 2.25488591e-01, 2.28779232e-01,
       2.32086603e-01, 2.35410500e-01, 2.38750718e-01, 2.42107051e-01,
       2.45479292e-01, 2.48867233e-01, 2.52270666e-01, 2.55689379e-01,
       2.59123163e-01, 2.62571805e-01, 2.66035093e-01, 2.69512813e-01,
       2.73004750e-01, 2.76510690e-01, 2.80030415e-01, 2.83563709e-01,
       2.87110354e-01, 2.90670131e-01, 2.94242821e-01, 2.97828202e-01,
       3.01426055e-01, 3.05036156e-01, 3.08658284e-01, 3.12292214e-01,
       3.15937724e-01, 3.19594587e-01, 3.23262578e-01, 3.26941471e-01,
       3.30631040e-01, 3.34331056e-01, 3.38041291e-01, 3.41761516e-01,
       3.45491503e-01, 3.49231020e-01, 3.52979837e-01, 3.56737724e-01,
       3.60504447e-01, 3.64279775e-01, 3.68063475e-01, 3.71855313e-01,
       3.75655056e-01, 3.79462470e-01, 3.83277318e-01, 3.87099367e-01,
       3.90928379e-01, 3.94764120e-01, 3.98606352e-01, 4.02454839e-01,
       4.06309343e-01, 4.10169626e-01, 4.14035450e-01, 4.17906577e-01,
       4.21782767e-01, 4.25663783e-01, 4.29549384e-01, 4.33439331e-01,
       4.37333383e-01, 4.41231301e-01, 4.45132844e-01, 4.49037772e-01,
       4.52945843e-01, 4.56856817e-01, 4.60770452e-01, 4.64686507e-01,
       4.68604740e-01, 4.72524910e-01, 4.76446775e-01, 4.80370092e-01,
       4.84294620e-01, 4.88220118e-01, 4.92146341e-01, 4.96073050e-01,
       5.00000000e-01, 5.03926950e-01, 5.07853659e-01, 5.11779882e-01,
       5.15705380e-01, 5.19629908e-01, 5.23553225e-01, 5.27475090e-01,
       5.31395260e-01, 5.35313493e-01, 5.39229548e-01, 5.43143183e-01,
       5.47054157e-01, 5.50962228e-01, 5.54867156e-01, 5.58768699e-01,
       5.62666617e-01, 5.66560669e-01, 5.70450616e-01, 5.74336217e-01,
       5.78217233e-01, 5.82093423e-01, 5.85964550e-01, 5.89830374e-01,
       5.93690657e-01, 5.97545161e-01, 6.01393648e-01, 6.05235880e-01,
       6.09071621e-01, 6.12900633e-01, 6.16722682e-01, 6.20537530e-01,
       6.24344944e-01, 6.28144687e-01, 6.31936525e-01, 6.35720225e-01,
       6.39495553e-01, 6.43262276e-01, 6.47020163e-01, 6.50768980e-01,
       6.54508497e-01, 6.58238484e-01, 6.61958709e-01, 6.65668944e-01,
       6.69368960e-01, 6.73058529e-01, 6.76737422e-01, 6.80405413e-01,
       6.84062276e-01, 6.87707786e-01, 6.91341716e-01, 6.94963844e-01,
       6.98573945e-01, 7.02171798e-01, 7.05757179e-01, 7.09329869e-01,
       7.12889646e-01, 7.16436291e-01, 7.19969585e-01, 7.23489310e-01,
       7.26995250e-01, 7.30487187e-01, 7.33964907e-01, 7.37428195e-01,
       7.40876837e-01, 7.44310621e-01, 7.47729334e-01, 7.51132767e-01,
       7.54520708e-01, 7.57892949e-01, 7.61249282e-01, 7.64589500e-01,
       7.67913397e-01, 7.71220768e-01, 7.74511409e-01, 7.77785117e-01,
       7.81041689e-01, 7.84280925e-01, 7.87502626e-01, 7.90706592e-01,
       7.93892626e-01, 7.97060531e-01, 8.00210113e-01, 8.03341176e-01,
       8.06453527e-01, 8.09546975e-01, 8.12621328e-01, 8.15676398e-01,
       8.18711995e-01, 8.21727932e-01, 8.24724024e-01, 8.27700085e-01,
       8.30655933e-01, 8.33591383e-01, 8.36506257e-01, 8.39400373e-01,
       8.42273553e-01, 8.45125620e-01, 8.47956398e-01, 8.50765713e-01,
       8.53553391e-01, 8.56319259e-01, 8.59063149e-01, 8.61784890e-01,
       8.64484314e-01, 8.67161255e-01, 8.69815547e-01, 8.72447028e-01,
       8.75055535e-01, 8.77640906e-01, 8.80202983e-01, 8.82741607e-01,
       8.85256621e-01, 8.87747872e-01, 8.90215204e-01, 8.92658465e-01,
       8.95077506e-01, 8.97472177e-01, 8.99842329e-01, 9.02187818e-01,
       9.04508497e-01, 9.06804225e-01, 9.09074859e-01, 9.11320259e-01,
       9.13540287e-01, 9.15734806e-01, 9.17903681e-01, 9.20046777e-01,
       9.22163963e-01, 9.24255107e-01, 9.26320082e-01, 9.28358759e-01,
       9.30371014e-01, 9.32356720e-01, 9.34315757e-01, 9.36248004e-01,
       9.38153340e-01, 9.40031649e-01, 9.41882815e-01, 9.43706724e-01,
       9.45503262e-01, 9.47272320e-01, 9.49013788e-01, 9.50727559e-01,
       9.52413526e-01, 9.54071587e-01, 9.55701638e-01, 9.57303580e-01,
       9.58877313e-01, 9.60422740e-01, 9.61939766e-01, 9.63428298e-01,
       9.64888243e-01, 9.66319512e-01, 9.67722015e-01, 9.69095668e-01,
       9.70440384e-01, 9.71756082e-01, 9.73042679e-01, 9.74300097e-01,
       9.75528258e-01, 9.76727086e-01, 9.77896507e-01, 9.79036450e-01,
       9.80146843e-01, 9.81227618e-01, 9.82278709e-01, 9.83300051e-01,
       9.84291581e-01, 9.85253237e-01, 9.86184960e-01, 9.87086693e-01,
       9.87958381e-01, 9.88799969e-01, 9.89611405e-01, 9.90392640e-01,
       9.91143625e-01, 9.91864314e-01, 9.92554663e-01, 9.93214629e-01,
       9.93844170e-01, 9.94443249e-01, 9.95011829e-01, 9.95549874e-01,
       9.96057351e-01, 9.96534228e-01, 9.96980478e-01, 9.97396071e-01,
       9.97780982e-01, 9.98135188e-01, 9.98458667e-01, 9.98751398e-01,
       9.99013364e-01, 9.99244549e-01, 9.99444937e-01, 9.99614518e-01,
       9.99753280e-01, 9.99861215e-01, 9.99938316e-01, 9.99984579e-01,
       1.00000000e+00, 9.99984579e-01, 9.99938316e-01, 9.99861215e-01,
       9.99753280e-01, 9.99614518e-01, 9.99444937e-01, 9.99244549e-01,
       9.99013364e-01, 9.98751398e-01, 9.98458667e-01, 9.98135188e-01,
       9.97780982e-01, 9.97396071e-01, 9.96980478e-01, 9.96534228e-01,
       9.96057351e-01, 9.95549874e-01, 9.95011829e-01, 9.94443249e-01,
       9.93844170e-01, 9.93214629e-01, 9.92554663e-01, 9.91864314e-01,
       9.91143625e-01, 9.90392640e-01, 9.89611405e-01, 9.88799969e-01,
       9.87958381e-01, 9.87086693e-01, 9.86184960e-01, 9.85253237e-01,
       9.84291581e-01, 9.83300051e-01, 9.82278709e-01, 9.81227618e-01,
       9.80146843e-01, 9.79036450e-01, 9.77896507e-01, 9.76727086e-01,
       9.75528258e-01, 9.74300097e-01, 9.73042679e-01, 9.71756082e-01,
       9.70440384e-01, 9.69095668e-01, 9.67722015e-01, 9.66319512e-01,
       9.64888243e-01, 9.63428298e-01, 9.61939766e-01, 9.60422740e-01,
       9.58877313e-01, 9.57303580e-01, 9.55701638e-01, 9.54071587e-01,
       9.52413526e-01, 9.50727559e-01, 9.49013788e-01, 9.47272320e-01,
       9.45503262e-01, 9.43706724e-01, 9.41882815e-01, 9.40031649e-01,
       9.38153340e-01, 9.36248004e-01, 9.34315757e-01, 9.32356720e-01,
       9.30371014e-01, 9.28358759e-01, 9.26320082e-01, 9.24255107e-01,
       9.22163963e-01, 9.20046777e-01, 9.17903681e-01, 9.15734806e-01,
       9.13540287e-01, 9.11320259e-01, 9.09074859e-01, 9.06804225e-01,
       9.04508497e-01, 9.02187818e-01, 8.99842329e-01, 8.97472177e-01,
       8.95077506e-01, 8.92658465e-01, 8.90215204e-01, 8.87747872e-01,
       8.85256621e-01, 8.82741607e-01, 8.80202983e-01, 8.77640906e-01,
       8.75055535e-01, 8.72447028e-01, 8.69815547e-01, 8.67161255e-01,
       8.64484314e-01, 8.61784890e-01, 8.59063149e-01, 8.56319259e-01,
       8.53553391e-01, 8.50765713e-01, 8.47956398e-01, 8.45125620e-01,
       8.42273553e-01, 8.39400373e-01, 8.36506257e-01, 8.33591383e-01,
       8.30655933e-01, 8.27700085e-01, 8.24724024e-01, 8.21727932e-01,
       8.18711995e-01, 8.15676398e-01, 8.12621328e-01, 8.09546975e-01,
       8.06453527e-01, 8.03341176e-01, 8.00210113e-01, 7.97060531e-01,
       7.93892626e-01, 7.90706592e-01, 7.87502626e-01, 7.84280925e-01,
       7.81041689e-01, 7.77785117e-01, 7.74511409e-01, 7.71220768e-01,
       7.67913397e-01, 7.64589500e-01, 7.61249282e-01, 7.57892949e-01,
       7.54520708e-01, 7.51132767e-01, 7.47729334e-01, 7.44310621e-01,
       7.40876837e-01, 7.37428195e-01, 7.33964907e-01, 7.30487187e-01,
       7.26995250e-01, 7.23489310e-01, 7.19969585e-01, 7.16436291e-01,
       7.12889646e-01, 7.09329869e-01, 7.05757179e-01, 7.02171798e-01,
       6.98573945e-01, 6.94963844e-01, 6.91341716e-01, 6.87707786e-01,
       6.84062276e-01, 6.80405413e-01, 6.76737422e-01, 6.73058529e-01,
       6.69368960e-01, 6.65668944e-01, 6.61958709e-01, 6.58238484e-01,
       6.54508497e-01, 6.50768980e-01, 6.47020163e-01, 6.43262276e-01,
       6.39495553e-01, 6.35720225e-01, 6.31936525e-01, 6.28144687e-01,
       6.24344944e-01, 6.20537530e-01, 6.16722682e-01, 6.12900633e-01,
       6.09071621e-01, 6.05235880e-01, 6.01393648e-01, 5.97545161e-01,
       5.93690657e-01, 5.89830374e-01, 5.85964550e-01, 5.82093423e-01,
       5.78217233e-01, 5.74336217e-01, 5.70450616e-01, 5.66560669e-01,
       5.62666617e-01, 5.58768699e-01, 5.54867156e-01, 5.50962228e-01,
       5.47054157e-01, 5.43143183e-01, 5.39229548e-01, 5.35313493e-01,
       5.31395260e-01, 5.27475090e-01, 5.23553225e-01, 5.19629908e-01,
       5.15705380e-01, 5.11779882e-01, 5.07853659e-01, 5.03926950e-01,
       5.00000000e-01, 4.96073050e-01, 4.92146341e-01, 4.88220118e-01,
       4.84294620e-01, 4.80370092e-01, 4.76446775e-01, 4.72524910e-01,
       4.68604740e-01, 4.64686507e-01, 4.60770452e-01, 4.56856817e-01,
       4.52945843e-01, 4.49037772e-01, 4.45132844e-01, 4.41231301e-01,
       4.37333383e-01, 4.33439331e-01, 4.29549384e-01, 4.25663783e-01,
       4.21782767e-01, 4.17906577e-01, 4.14035450e-01, 4.10169626e-01,
       4.06309343e-01, 4.02454839e-01, 3.98606352e-01, 3.94764120e-01,
       3.90928379e-01, 3.87099367e-01, 3.83277318e-01, 3.79462470e-01,
       3.75655056e-01, 3.71855313e-01, 3.68063475e-01, 3.64279775e-01,
       3.60504447e-01, 3.56737724e-01, 3.52979837e-01, 3.49231020e-01,
       3.45491503e-01, 3.41761516e-01, 3.38041291e-01, 3.34331056e-01,
       3.30631040e-01, 3.26941471e-01, 3.23262578e-01, 3.19594587e-01,
       3.15937724e-01, 3.12292214e-01, 3.08658284e-01, 3.05036156e-01,
       3.01426055e-01, 2.97828202e-01, 2.94242821e-01, 2.90670131e-01,
       2.87110354e-01, 2.83563709e-01, 2.80030415e-01, 2.76510690e-01,
       2.73004750e-01, 2.69512813e-01, 2.66035093e-01, 2.62571805e-01,
       2.59123163e-01, 2.55689379e-01, 2.52270666e-01, 2.48867233e-01,
       2.45479292e-01, 2.42107051e-01, 2.38750718e-01, 2.35410500e-01,
       2.32086603e-01, 2.28779232e-01, 2.25488591e-01, 2.22214883e-01,
       2.18958311e-01, 2.15719075e-01, 2.12497374e-01, 2.09293408e-01,
       2.06107374e-01, 2.02939469e-01, 1.99789887e-01, 1.96658824e-01,
       1.93546473e-01, 1.90453025e-01, 1.87378672e-01, 1.84323602e-01,
       1.81288005e-01, 1.78272068e-01, 1.75275976e-01, 1.72299915e-01,
       1.69344067e-01, 1.66408617e-01, 1.63493743e-01, 1.60599627e-01,
       1.57726447e-01, 1.54874380e-01, 1.52043602e-01, 1.49234287e-01,
       1.46446609e-01, 1.43680741e-01, 1.40936851e-01, 1.38215110e-01,
       1.35515686e-01, 1.32838745e-01, 1.30184453e-01, 1.27552972e-01,
       1.24944465e-01, 1.22359094e-01, 1.19797017e-01, 1.17258393e-01,
       1.14743379e-01, 1.12252128e-01, 1.09784796e-01, 1.07341535e-01,
       1.04922494e-01, 1.02527823e-01, 1.00157671e-01, 9.78121824e-02,
       9.54915028e-02, 9.31957752e-02, 9.09251413e-02, 8.86797410e-02,
       8.64597129e-02, 8.42651938e-02, 8.20963193e-02, 7.99532231e-02,
       7.78360372e-02, 7.57448925e-02, 7.36799178e-02, 7.16412406e-02,
       6.96289865e-02, 6.76432797e-02, 6.56842428e-02, 6.37519965e-02,
       6.18466600e-02, 5.99683509e-02, 5.81171850e-02, 5.62932765e-02,
       5.44967379e-02, 5.27276801e-02, 5.09862121e-02, 4.92724414e-02,
       4.75864738e-02, 4.59284131e-02, 4.42983617e-02, 4.26964201e-02,
       4.11226872e-02, 3.95772599e-02, 3.80602337e-02, 3.65717022e-02,
       3.51117571e-02, 3.36804884e-02, 3.22779846e-02, 3.09043320e-02,
       2.95596155e-02, 2.82439180e-02, 2.69573206e-02, 2.56999027e-02,
       2.44717419e-02, 2.32729138e-02, 2.21034926e-02, 2.09635503e-02,
       1.98531572e-02, 1.87723818e-02, 1.77212908e-02, 1.66999490e-02,
       1.57084194e-02, 1.47467633e-02, 1.38150398e-02, 1.29133065e-02,
       1.20416190e-02, 1.12000311e-02, 1.03885947e-02, 9.60735980e-03,
       8.85637464e-03, 8.13568553e-03, 7.44533692e-03, 6.78537141e-03,
       6.15582970e-03, 5.55675063e-03, 4.98817114e-03, 4.45012632e-03,
       3.94264934e-03, 3.46577152e-03, 3.01952227e-03, 2.60392912e-03,
       2.21901770e-03, 1.86481175e-03, 1.54133313e-03, 1.24860179e-03,
       9.86635786e-04, 7.55451275e-04, 5.55062519e-04, 3.85481880e-04,
       2.46719817e-04, 1.38784891e-04, 6.16837592e-05, 1.54211776e-05,
       0.00000000e+00]), array([ 1.7814000e-07,  6.9838646e-04,  1.3944299e-03,  2.0881176e-03,
        2.7794370e-03,  3.4683726e-03,  4.1549089e-03,  4.8390306e-03,
        5.5207182e-03,  6.1999545e-03,  6.8767187e-03,  7.5509902e-03,
        8.2227485e-03,  8.8919699e-03,  9.5586302e-03,  1.0222706e-02,
        1.0884171e-02,  1.1542996e-02,  1.2199159e-02,  1.2852625e-02,
        1.3503370e-02,  1.4151359e-02,  1.4796563e-02,  1.5438950e-02,
        1.6078485e-02,  1.6715137e-02,  1.7348869e-02,  1.7979646e-02,
        1.8607434e-02,  1.9232187e-02,  1.9853882e-02,  2.0472469e-02,
        2.1087907e-02,  2.1700164e-02,  2.2309201e-02,  2.2914968e-02,
        2.3517426e-02,  2.4116533e-02,  2.4712240e-02,  2.5304517e-02,
        2.5893314e-02,  2.6478581e-02,  2.7060280e-02,  2.7638359e-02,
        2.8212775e-02,  2.8783482e-02,  2.9350426e-02,  2.9913578e-02,
        3.0472875e-02,  3.1028271e-02,  3.1579725e-02,  3.2127179e-02,
        3.2670595e-02,  3.3209916e-02,  3.3745103e-02,  3.4276102e-02,
        3.4802858e-02,  3.5325330e-02,  3.5843465e-02,  3.6357224e-02,
        3.6866549e-02,  3.7371390e-02,  3.7871707e-02,  3.8367443e-02,
        3.8858548e-02,  3.9344981e-02,  3.9826691e-02,  4.0303640e-02,
        4.0775768e-02,  4.1243043e-02,  4.1705396e-02,  4.2162791e-02,
        4.2615190e-02,  4.3062538e-02,  4.3504789e-02,  4.3941915e-02,
        4.4373851e-02,  4.4800565e-02,  4.5222014e-02,  4.5638144e-02,
        4.6048936e-02,  4.6454333e-02,  4.6854291e-02,  4.7248784e-02,
        4.7637761e-02,  4.8021186e-02,  4.8399035e-02,  4.8771247e-02,
        4.9137816e-02,  4.9498677e-02,  4.9853809e-02,  5.0203186e-02,
        5.0546769e-02,  5.0884519e-02,  5.1216420e-02,  5.1542431e-02,
        5.1862530e-02,  5.2176684e-02,  5.2484870e-02,  5.2787066e-02,
        5.3083230e-02,  5.3373359e-02,  5.3657424e-02,  5.3935397e-02,
        5.4207262e-02,  5.4473002e-02,  5.4732591e-02,  5.4986034e-02,
        5.5233289e-02,  5.5474348e-02,  5.5709198e-02,  5.5937834e-02,
        5.6160223e-02,  5.6376394e-02,  5.6586307e-02,  5.6789950e-02,
        5.6987345e-02,  5.7178453e-02,  5.7363290e-02,  5.7541851e-02,
        5.7714131e-02,  5.7880130e-02,  5.8039855e-02,  5.8193289e-02,
        5.8340449e-02,  5.8481336e-02,  5.8615953e-02,  5.8744315e-02,
        5.8866426e-02,  5.8982279e-02,  5.9091900e-02,  5.9195295e-02,
        5.9292492e-02,  5.9383467e-02,  5.9468266e-02,  5.9546903e-02,
        5.9619378e-02,  5.9685718e-02,  5.9745952e-02,  5.9800070e-02,
        5.9848126e-02,  5.9890132e-02,  5.9926100e-02,  5.9956070e-02,
        5.9980039e-02,  5.9998073e-02,  6.0010172e-02,  6.0016368e-02,
        6.0016695e-02,  6.0011201e-02,  5.9999879e-02,  5.9982773e-02,
        5.9959944e-02,  5.9931401e-02,  5.9897166e-02,  5.9857309e-02,
        5.9811845e-02,  5.9760813e-02,  5.9704255e-02,  5.9642207e-02,
        5.9574727e-02,  5.9501816e-02,  5.9423551e-02,  5.9339967e-02,
        5.9251081e-02,  5.9156973e-02,  5.9057672e-02,  5.8953214e-02,
        5.8843654e-02,  5.8729041e-02,  5.8609404e-02,  5.8484800e-02,
        5.8355294e-02,  5.8220919e-02,  5.8081731e-02,  5.7937756e-02,
        5.7789069e-02,  5.7635706e-02,  5.7477731e-02,  5.7315182e-02,
        5.7148114e-02,  5.6976575e-02,  5.6800637e-02,  5.6620341e-02,
        5.6435727e-02,  5.6246854e-02,  5.6053776e-02,  5.5856567e-02,
        5.5655267e-02,  5.5449918e-02,  5.5240590e-02,  5.5027325e-02,
        5.4810196e-02,  5.4589231e-02,  5.4364521e-02,  5.4136083e-02,
        5.3904008e-02,  5.3668324e-02,  5.3429104e-02,  5.3186402e-02,
        5.2940246e-02,  5.2690752e-02,  5.2437913e-02,  5.2181806e-02,
        5.1922500e-02,  5.1660053e-02,  5.1394507e-02,  5.1125918e-02,
        5.0854340e-02,  5.0579842e-02,  5.0302468e-02,  5.0022278e-02,
        4.9739324e-02,  4.9453683e-02,  4.9165376e-02,  4.8874479e-02,
        4.8581049e-02,  4.8285116e-02,  4.7986764e-02,  4.7686048e-02,
        4.7382995e-02,  4.7077693e-02,  4.6770155e-02,  4.6460479e-02,
        4.6148699e-02,  4.5834869e-02,  4.5519054e-02,  4.5201268e-02,
        4.4881601e-02,  4.4560120e-02,  4.4236824e-02,  4.3911815e-02,
        4.3585137e-02,  4.3256830e-02,  4.2926930e-02,  4.2595509e-02,
        4.2262621e-02,  4.1928343e-02,  4.1592669e-02,  4.1255657e-02,
        4.0917423e-02,  4.0577944e-02,  4.0237304e-02,  3.9895531e-02,
        3.9552722e-02,  3.9208885e-02,  3.8864080e-02,  3.8518347e-02,
        3.8171761e-02,  3.7824351e-02,  3.7476152e-02,  3.7127245e-02,
        3.6777668e-02,  3.6427457e-02,  3.6076657e-02,  3.5725340e-02,
        3.5373520e-02,  3.5021290e-02,  3.4668662e-02,  3.4315668e-02,
        3.3962391e-02,  3.3608876e-02,  3.3255134e-02,  3.2901261e-02,
        3.2547258e-02,  3.2193195e-02,  3.1839099e-02,  3.1485073e-02,
        3.1131068e-02,  3.0777207e-02,  3.0423500e-02,  3.0069992e-02,
        2.9716738e-02,  2.9363802e-02,  2.9011173e-02,  2.8658949e-02,
        2.8307155e-02,  2.7955834e-02,  2.7605031e-02,  2.7254816e-02,
        2.6905168e-02,  2.6556190e-02,  2.6207918e-02,  2.5860352e-02,
        2.5513602e-02,  2.5167678e-02,  2.4822596e-02,  2.4478471e-02,
        2.4135279e-02,  2.3793064e-02,  2.3451924e-02,  2.3111863e-02,
        2.2772921e-02,  2.2435153e-02,  2.2098631e-02,  2.1763319e-02,
        2.1429349e-02,  2.1096699e-02,  2.0765431e-02,  2.0435620e-02,
        2.0107297e-02,  1.9780453e-02,  1.9455144e-02,  1.9131485e-02,
        1.8809469e-02,  1.8489107e-02,  1.8170487e-02,  1.7853620e-02,
        1.7538577e-02,  1.7225381e-02,  1.6914053e-02,  1.6604695e-02,
        1.6297301e-02,  1.5991943e-02,  1.5688626e-02,  1.5387422e-02,
        1.5088351e-02,  1.4791467e-02,  1.4496808e-02,  1.4204416e-02,
        1.3914318e-02,  1.3626575e-02,  1.3341237e-02,  1.3058313e-02,
        1.2777839e-02,  1.2499877e-02,  1.2224477e-02,  1.1951634e-02,
        1.1681454e-02,  1.1413922e-02,  1.1149085e-02,  1.0886997e-02,
        1.0627694e-02,  1.0371208e-02,  1.0117561e-02,  9.8668234e-03,
        9.6190143e-03,  9.3741557e-03,  9.1323322e-03,  8.8935308e-03,
        8.6578177e-03,  8.4252208e-03,  8.1957495e-03,  7.9694688e-03,
        7.7464301e-03,  7.5266273e-03,  7.3101153e-03,  7.0969420e-03,
        6.8870862e-03,  6.6806586e-03,  6.4776512e-03,  6.2780813e-03,
        6.0819895e-03,  5.8894427e-03,  5.7004276e-03,  5.5149887e-03,
        5.3331573e-03,  5.1549422e-03,  4.9804333e-03,  4.8095901e-03,
        4.6424973e-03,  4.4791196e-03,  4.3195547e-03,  4.1637630e-03,
        4.0118471e-03,  3.8637579e-03,  3.7195312e-03,  3.5792338e-03,
        3.4428614e-03,  3.3104138e-03,  3.1819807e-03,  3.0575218e-03,
        2.9370771e-03,  2.8206736e-03,  2.7083205e-03,  2.6000487e-03,
        2.4958849e-03,  2.3958029e-03,  2.2998736e-03,  2.2080794e-03,
        2.1204518e-03,  2.0370036e-03,  1.9577667e-03,  1.8827051e-03,
        1.8118725e-03,  1.7452509e-03,  1.6828716e-03,  1.6247794e-03,
        1.5709117e-03,  1.5213669e-03,  1.4760778e-03,  1.4350668e-03,
        1.3983697e-03,  1.3659508e-03,  1.3378547e-03,  1.3140948e-03,
        1.2946040e-03,  1.2794719e-03,  1.2686537e-03,  1.2621671e-03,
        1.2600080e-03, -1.2621671e-03, -1.2686537e-03, -1.2794719e-03,
       -1.2946040e-03, -1.3140948e-03, -1.3378547e-03, -1.3659508e-03,
       -1.3983697e-03, -1.4350668e-03, -1.4760778e-03, -1.5213669e-03,
       -1.5709117e-03, -1.6247794e-03, -1.6828716e-03, -1.7452509e-03,
       -1.8118725e-03, -1.8827051e-03, -1.9577667e-03, -2.0370036e-03,
       -2.1204518e-03, -2.2080794e-03, -2.2998736e-03, -2.3958029e-03,
       -2.4958849e-03, -2.6000487e-03, -2.7083205e-03, -2.8206736e-03,
       -2.9370771e-03, -3.0575218e-03, -3.1819807e-03, -3.3104138e-03,
       -3.4428614e-03, -3.5792338e-03, -3.7195312e-03, -3.8637579e-03,
       -4.0118471e-03, -4.1637630e-03, -4.3195547e-03, -4.4791196e-03,
       -4.6424973e-03, -4.8095901e-03, -4.9804333e-03, -5.1549422e-03,
       -5.3331573e-03, -5.5149887e-03, -5.7004276e-03, -5.8894427e-03,
       -6.0819895e-03, -6.2780813e-03, -6.4776512e-03, -6.6806586e-03,
       -6.8870862e-03, -7.0969420e-03, -7.3101153e-03, -7.5266273e-03,
       -7.7464301e-03, -7.9694688e-03, -8.1957495e-03, -8.4252208e-03,
       -8.6578177e-03, -8.8935308e-03, -9.1323322e-03, -9.3741557e-03,
       -9.6190143e-03, -9.8668234e-03, -1.0117561e-02, -1.0371208e-02,
       -1.0627694e-02, -1.0886997e-02, -1.1149085e-02, -1.1413922e-02,
       -1.1681454e-02, -1.1951634e-02, -1.2224477e-02, -1.2499877e-02,
       -1.2777839e-02, -1.3058313e-02, -1.3341237e-02, -1.3626575e-02,
       -1.3914318e-02, -1.4204416e-02, -1.4496808e-02, -1.4791467e-02,
       -1.5088351e-02, -1.5387422e-02, -1.5688626e-02, -1.5991943e-02,
       -1.6297301e-02, -1.6604695e-02, -1.6914053e-02, -1.7225381e-02,
       -1.7538577e-02, -1.7853620e-02, -1.8170487e-02, -1.8489107e-02,
       -1.8809469e-02, -1.9131485e-02, -1.9455144e-02, -1.9780453e-02,
       -2.0107297e-02, -2.0435620e-02, -2.0765431e-02, -2.1096699e-02,
       -2.1429349e-02, -2.1763319e-02, -2.2098631e-02, -2.2435153e-02,
       -2.2772921e-02, -2.3111863e-02, -2.3451924e-02, -2.3793064e-02,
       -2.4135279e-02, -2.4478471e-02, -2.4822596e-02, -2.5167678e-02,
       -2.5513602e-02, -2.5860352e-02, -2.6207918e-02, -2.6556190e-02,
       -2.6905168e-02, -2.7254816e-02, -2.7605031e-02, -2.7955834e-02,
       -2.8307155e-02, -2.8658949e-02, -2.9011173e-02, -2.9363802e-02,
       -2.9716738e-02, -3.0069992e-02, -3.0423500e-02, -3.0777207e-02,
       -3.1131068e-02, -3.1485073e-02, -3.1839099e-02, -3.2193195e-02,
       -3.2547258e-02, -3.2901261e-02, -3.3255134e-02, -3.3608876e-02,
       -3.3962391e-02, -3.4315668e-02, -3.4668662e-02, -3.5021290e-02,
       -3.5373520e-02, -3.5725340e-02, -3.6076657e-02, -3.6427457e-02,
       -3.6777668e-02, -3.7127245e-02, -3.7476152e-02, -3.7824351e-02,
       -3.8171761e-02, -3.8518347e-02, -3.8864080e-02, -3.9208885e-02,
       -3.9552722e-02, -3.9895531e-02, -4.0237304e-02, -4.0577944e-02,
       -4.0917423e-02, -4.1255657e-02, -4.1592669e-02, -4.1928343e-02,
       -4.2262621e-02, -4.2595509e-02, -4.2926930e-02, -4.3256830e-02,
       -4.3585137e-02, -4.3911815e-02, -4.4236824e-02, -4.4560120e-02,
       -4.4881601e-02, -4.5201268e-02, -4.5519054e-02, -4.5834869e-02,
       -4.6148699e-02, -4.6460479e-02, -4.6770155e-02, -4.7077693e-02,
       -4.7382995e-02, -4.7686048e-02, -4.7986764e-02, -4.8285116e-02,
       -4.8581049e-02, -4.8874479e-02, -4.9165376e-02, -4.9453683e-02,
       -4.9739324e-02, -5.0022278e-02, -5.0302468e-02, -5.0579842e-02,
       -5.0854340e-02, -5.1125918e-02, -5.1394507e-02, -5.1660053e-02,
       -5.1922500e-02, -5.2181806e-02, -5.2437913e-02, -5.2690752e-02,
       -5.2940246e-02, -5.3186402e-02, -5.3429104e-02, -5.3668324e-02,
       -5.3904008e-02, -5.4136083e-02, -5.4364521e-02, -5.4589231e-02,
       -5.4810196e-02, -5.5027325e-02, -5.5240590e-02, -5.5449918e-02,
       -5.5655267e-02, -5.5856567e-02, -5.6053776e-02, -5.6246854e-02,
       -5.6435727e-02, -5.6620341e-02, -5.6800637e-02, -5.6976575e-02,
       -5.7148114e-02, -5.7315182e-02, -5.7477731e-02, -5.7635706e-02,
       -5.7789069e-02, -5.7937756e-02, -5.8081731e-02, -5.8220919e-02,
       -5.8355294e-02, -5.8484800e-02, -5.8609404e-02, -5.8729041e-02,
       -5.8843654e-02, -5.8953214e-02, -5.9057672e-02, -5.9156973e-02,
       -5.9251081e-02, -5.9339967e-02, -5.9423551e-02, -5.9501816e-02,
       -5.9574727e-02, -5.9642207e-02, -5.9704255e-02, -5.9760813e-02,
       -5.9811845e-02, -5.9857309e-02, -5.9897166e-02, -5.9931401e-02,
       -5.9959944e-02, -5.9982773e-02, -5.9999879e-02, -6.0011201e-02,
       -6.0016695e-02, -6.0016368e-02, -6.0010172e-02, -5.9998073e-02,
       -5.9980039e-02, -5.9956070e-02, -5.9926100e-02, -5.9890132e-02,
       -5.9848126e-02, -5.9800070e-02, -5.9745952e-02, -5.9685718e-02,
       -5.9619378e-02, -5.9546903e-02, -5.9468266e-02, -5.9383467e-02,
       -5.9292492e-02, -5.9195295e-02, -5.9091900e-02, -5.8982279e-02,
       -5.8866426e-02, -5.8744315e-02, -5.8615953e-02, -5.8481336e-02,
       -5.8340449e-02, -5.8193289e-02, -5.8039855e-02, -5.7880130e-02,
       -5.7714131e-02, -5.7541851e-02, -5.7363290e-02, -5.7178453e-02,
       -5.6987345e-02, -5.6789950e-02, -5.6586307e-02, -5.6376394e-02,
       -5.6160223e-02, -5.5937834e-02, -5.5709198e-02, -5.5474348e-02,
       -5.5233289e-02, -5.4986034e-02, -5.4732591e-02, -5.4473002e-02,
       -5.4207262e-02, -5.3935397e-02, -5.3657424e-02, -5.3373359e-02,
       -5.3083230e-02, -5.2787066e-02, -5.2484870e-02, -5.2176684e-02,
       -5.1862530e-02, -5.1542431e-02, -5.1216420e-02, -5.0884519e-02,
       -5.0546769e-02, -5.0203186e-02, -4.9853809e-02, -4.9498677e-02,
       -4.9137816e-02, -4.8771247e-02, -4.8399035e-02, -4.8021186e-02,
       -4.7637761e-02, -4.7248784e-02, -4.6854291e-02, -4.6454333e-02,
       -4.6048936e-02, -4.5638144e-02, -4.5222014e-02, -4.4800565e-02,
       -4.4373851e-02, -4.3941915e-02, -4.3504789e-02, -4.3062538e-02,
       -4.2615190e-02, -4.2162791e-02, -4.1705396e-02, -4.1243043e-02,
       -4.0775768e-02, -4.0303640e-02, -3.9826691e-02, -3.9344981e-02,
       -3.8858548e-02, -3.8367443e-02, -3.7871707e-02, -3.7371390e-02,
       -3.6866549e-02, -3.6357224e-02, -3.5843465e-02, -3.5325330e-02,
       -3.4802858e-02, -3.4276102e-02, -3.3745103e-02, -3.3209916e-02,
       -3.2670595e-02, -3.2127179e-02, -3.1579725e-02, -3.1028271e-02,
       -3.0472875e-02, -2.9913578e-02, -2.9350426e-02, -2.8783482e-02,
       -2.8212775e-02, -2.7638359e-02, -2.7060280e-02, -2.6478581e-02,
       -2.5893314e-02, -2.5304517e-02, -2.4712240e-02, -2.4116533e-02,
       -2.3517426e-02, -2.2914968e-02, -2.2309201e-02, -2.1700164e-02,
       -2.1087907e-02, -2.0472469e-02, -1.9853882e-02, -1.9232187e-02,
       -1.8607434e-02, -1.7979646e-02, -1.7348869e-02, -1.6715137e-02,
       -1.6078485e-02, -1.5438950e-02, -1.4796563e-02, -1.4151359e-02,
       -1.3503370e-02, -1.2852625e-02, -1.2199159e-02, -1.1542996e-02,
       -1.0884171e-02, -1.0222706e-02, -9.5586302e-03, -8.8919699e-03,
       -8.2227485e-03, -7.5509902e-03, -6.8767187e-03, -6.1999545e-03,
       -5.5207182e-03, -4.8390306e-03, -4.1549089e-03, -3.4683726e-03,
       -2.7794370e-03, -2.0881176e-03, -1.3944299e-03, -6.9838646e-04,
       -1.7814000e-07], dtype=float32), array([0.08468868, 0.084736  , 0.08478886, 0.08484738, 0.08491123,
       0.0849809 , 0.08505589, 0.08513648, 0.08522241, 0.0853139 ,
       0.08541103, 0.08551341, 0.08562138, 0.08573462, 0.08585328,
       0.08597726, 0.08610649, 0.08624142, 0.08638132, 0.08652661,
       0.08667716, 0.0868329 , 0.08699368, 0.08715948, 0.08733038,
       0.08750641, 0.08768752, 0.08787329, 0.08806396, 0.08825967,
       0.08846004, 0.08866521, 0.08887494, 0.08908947, 0.08930849,
       0.08953189, 0.08975984, 0.08999231, 0.09022889, 0.09046981,
       0.09071498, 0.09096394, 0.09121734, 0.09147462, 0.09173582,
       0.0920008 , 0.09226964, 0.09254207, 0.0928183 , 0.09309799,
       0.09338091, 0.09366746, 0.09395742, 0.09425025, 0.09454653,
       0.09484578, 0.09514794, 0.09545308, 0.09576105, 0.0960718 ,
       0.0963853 , 0.09670094, 0.09701946, 0.0973402 , 0.09766321,
       0.09798861, 0.09831588, 0.09864536, 0.09897661, 0.09930992,
       0.09964496, 0.0999817 , 0.10031992, 0.10065954, 0.10100077,
       0.10134348, 0.1016871 , 0.10203206, 0.10237798, 0.10272487,
       0.1030726 , 0.10342123, 0.10377051, 0.10412036, 0.10447089,
       0.10482179, 0.10517284, 0.10552444, 0.10587602, 0.10622779,
       0.10657955, 0.10693114, 0.10728256, 0.10763383, 0.1079848 ,
       0.10833538, 0.10868546, 0.1090349 , 0.10938357, 0.10973173,
       0.11007892, 0.11042552, 0.11077088, 0.11111524, 0.11145861,
       0.11180078, 0.11214158, 0.11248122, 0.1128194 , 0.1131561 ,
       0.11349116, 0.11382475, 0.1141568 , 0.11448696, 0.11481526,
       0.11514193, 0.11546646, 0.11578915, 0.1161098 , 0.11642837,
       0.11674484, 0.11705895, 0.11737095, 0.11768052, 0.11798787,
       0.11829264, 0.11859514, 0.11889496, 0.11919239, 0.11948728,
       0.11977927, 0.12006894, 0.12035553, 0.12063964, 0.12092066,
       0.12119918, 0.12147456, 0.12174723, 0.12201692, 0.12228364,
       0.12254722, 0.12280799, 0.12306571, 0.12332023, 0.12357166,
       0.12382001, 0.12406524, 0.12430732, 0.12454613, 0.12478179,
       0.12501405, 0.1252434 , 0.12546921, 0.12569195, 0.12591133,
       0.12612732, 0.12634017, 0.1265495 , 0.12675571, 0.1269586 ,
       0.127158  , 0.12735432, 0.12754709, 0.12773655, 0.12792268,
       0.12810555, 0.12828505, 0.12846132, 0.12863432, 0.12880355,
       0.12896992, 0.1291328 , 0.12929222, 0.12944853, 0.12960155,
       0.12975135, 0.12989758, 0.13004097, 0.1301809 , 0.13031772,
       0.13045105, 0.13058153, 0.13070865, 0.1308326 , 0.13095334,
       0.13107102, 0.13118562, 0.13129711, 0.13140559, 0.13151081,
       0.13161331, 0.13171266, 0.13180889, 0.13190228, 0.13199267,
       0.13208033, 0.13216497, 0.1322467 , 0.1323258 , 0.13240182,
       0.13247517, 0.13254575, 0.13261372, 0.13267876, 0.13274136,
       0.13280116, 0.13285856, 0.13291302, 0.13296515, 0.13301486,
       0.1330617 , 0.13310637, 0.13314864, 0.13318865, 0.13322592,
       0.13326094, 0.1332938 , 0.13332415, 0.13335241, 0.13337839,
       0.13340211, 0.13342403, 0.1334435 , 0.13346094, 0.1334764 ,
       0.13348992, 0.13350134, 0.13351077, 0.13351825, 0.13352406,
       0.13352798, 0.13352972, 0.13353005, 0.13352846, 0.13352528,
       0.1335202 , 0.1335135 , 0.13350534, 0.13349536, 0.13348405,
       0.13347088, 0.13345648, 0.13344052, 0.1334231 , 0.13340445,
       0.13338411, 0.1333626 , 0.13333979, 0.13331583, 0.13329029,
       0.1332638 , 0.13323584, 0.13320708, 0.13317688, 0.13314566,
       0.1331136 , 0.13308027, 0.13304588, 0.13301072, 0.13297433,
       0.13293716, 0.1328991 , 0.13286011, 0.13282038, 0.13277973,
       0.13273832, 0.132696  , 0.13265318, 0.13260964, 0.1325653 ,
       0.13252032, 0.1324746 , 0.13242829, 0.13238147, 0.13233423,
       0.13228634, 0.13223788, 0.13218898, 0.13213968, 0.13209   ,
       0.13203979, 0.13198924, 0.13193831, 0.13188691, 0.13183533,
       0.1317832 , 0.13173102, 0.13167858, 0.13162595, 0.1315729 ,
       0.13151976, 0.13146636, 0.1314131 , 0.1313594 , 0.13130565,
       0.1312519 , 0.13119805, 0.13114414, 0.13109004, 0.13103606,
       0.13098206, 0.13092801, 0.13087413, 0.13082011, 0.13076615,
       0.13071255, 0.1306588 , 0.13060515, 0.13055167, 0.13049848,
       0.13044536, 0.13039231, 0.13033965, 0.13028689, 0.1302346 ,
       0.13018245, 0.13013051, 0.13007903, 0.13002767, 0.12997663,
       0.12992598, 0.12987542, 0.12982537, 0.12977573, 0.12972611,
       0.12967727, 0.12962848, 0.12958027, 0.1295324 , 0.12948489,
       0.12943803, 0.12939122, 0.12934512, 0.12929937, 0.12925416,
       0.12920958, 0.12916523, 0.12912142, 0.12907818, 0.12903532,
       0.12899297, 0.12895137, 0.1289101 , 0.12886956, 0.12882951,
       0.12879008, 0.1287511 , 0.12871274, 0.12867498, 0.12863788,
       0.12860131, 0.12856527, 0.12853006, 0.12849535, 0.12846133,
       0.12842767, 0.12839492, 0.12836277, 0.12833157, 0.1283006 ,
       0.12827045, 0.12824094, 0.12821203, 0.128184  , 0.12815666,
       0.1281299 , 0.1281038 , 0.12807854, 0.1280539 , 0.1280299 ,
       0.12800689, 0.1279844 , 0.12796254, 0.12794147, 0.12792124,
       0.12790178, 0.12788291, 0.12786481, 0.12784758, 0.127831  ,
       0.12781522, 0.12780014, 0.12778589, 0.12777217, 0.12775944,
       0.12774746, 0.12773627, 0.12772572, 0.12771589, 0.12770723,
       0.12769902, 0.12769154, 0.12768501, 0.12767905, 0.127674  ,
       0.1276696 , 0.12766607, 0.12766342, 0.12766159, 0.12766045,
       0.12766008, 0.12753469, 0.12753509, 0.12753603, 0.12753731,
       0.12753889, 0.12754071, 0.12754305, 0.1275456 , 0.1275485 ,
       0.12755172, 0.1275553 , 0.1275594 , 0.1275636 , 0.12756816,
       0.12757313, 0.12757848, 0.12758407, 0.12759003, 0.12759624,
       0.12760298, 0.12760986, 0.12761715, 0.12762465, 0.12763253,
       0.12764066, 0.12764922, 0.127658  , 0.12766719, 0.12767652,
       0.12768622, 0.1276962 , 0.12770641, 0.12771684, 0.12772778,
       0.12773886, 0.12775043, 0.12776189, 0.12777391, 0.1277861 ,
       0.12779848, 0.12781115, 0.12782407, 0.12783729, 0.12785068,
       0.12786421, 0.12787795, 0.12789202, 0.1279063 , 0.1279206 ,
       0.12793544, 0.12795031, 0.12796524, 0.12798026, 0.12799576,
       0.1280112 , 0.12802696, 0.12804273, 0.12805882, 0.1280748 ,
       0.12809092, 0.12810734, 0.12812398, 0.12814057, 0.12815693,
       0.12817368, 0.1281906 , 0.12820753, 0.12822439, 0.12824133,
       0.12825844, 0.12827542, 0.12829241, 0.12830952, 0.12832661,
       0.12834363, 0.12836072, 0.12837777, 0.12839445, 0.12841149,
       0.12842831, 0.1284449 , 0.12846172, 0.12847842, 0.12849484,
       0.12851122, 0.12852743, 0.12854347, 0.1285593 , 0.12857506,
       0.12859064, 0.12860589, 0.12862103, 0.12863614, 0.1286507 ,
       0.12866515, 0.12867928, 0.12869313, 0.1287066 , 0.12871996,
       0.12873282, 0.12874562, 0.12875788, 0.12876964, 0.12878127,
       0.1287922 , 0.12880298, 0.12881319, 0.12882307, 0.12883256,
       0.12884139, 0.1288499 , 0.12885767, 0.12886499, 0.12887184,
       0.12887818, 0.12888387, 0.12888876, 0.12889327, 0.12889716,
       0.12890032, 0.12890288, 0.12890464, 0.12890574, 0.12890622,
       0.1289059 , 0.1289048 , 0.12890291, 0.12890022, 0.12889673,
       0.12889242, 0.1288872 , 0.12888116, 0.12887426, 0.12886643,
       0.12885767, 0.1288478 , 0.12883712, 0.12882547, 0.1288127 ,
       0.12879893, 0.12878405, 0.12876818, 0.12875125, 0.12873305,
       0.12871382, 0.1286934 , 0.12867181, 0.1286489 , 0.12862487,
       0.12859958, 0.12857307, 0.12854534, 0.12851623, 0.12848562,
       0.12845391, 0.12842064, 0.12838621, 0.12835012, 0.12831268,
       0.12827384, 0.12823334, 0.12819162, 0.12814814, 0.12810323,
       0.1280567 , 0.12800856, 0.1279589 , 0.12790747, 0.12785463,
       0.12779993, 0.12774351, 0.12768537, 0.12762573, 0.12756401,
       0.12750074, 0.12743554, 0.12736866, 0.1272999 , 0.1272292 ,
       0.12715675, 0.12708238, 0.12700596, 0.12692776, 0.1268474 ,
       0.12676536, 0.12668112, 0.12659484, 0.12650663, 0.12641631,
       0.12632397, 0.12622952, 0.12613308, 0.12603435, 0.12593356,
       0.12583071, 0.12572561, 0.1256184 , 0.12550889, 0.1253972 ,
       0.12528329, 0.12516707, 0.12504879, 0.12492818, 0.12480517,
       0.12467974, 0.12455241, 0.12442242, 0.12429038, 0.12415577,
       0.1240187 , 0.12387957, 0.1237379 , 0.12359393, 0.12344754,
       0.12329882, 0.12314758, 0.12299381, 0.12283789, 0.12267952,
       0.12251867, 0.12235529, 0.12218963, 0.12202148, 0.12185092,
       0.12167782, 0.12150241, 0.12132446, 0.12114401, 0.12096126,
       0.12077589, 0.1205882 , 0.12039808, 0.12020562, 0.1200106 ,
       0.11981312, 0.11961331, 0.11941118, 0.11920638, 0.11899953,
       0.11879015, 0.11857826, 0.11836419, 0.1181476 , 0.11792897,
       0.11770771, 0.11748423, 0.11725837, 0.11703043, 0.11680019,
       0.11656764, 0.11633292, 0.11609603, 0.11585683, 0.11561564,
       0.11537211, 0.11512651, 0.1148788 , 0.11462919, 0.11437741,
       0.11412375, 0.11386783, 0.11361033, 0.11335081, 0.11308927,
       0.1128257 , 0.11256067, 0.11229371, 0.1120251 , 0.11175463,
       0.11148258, 0.11120878, 0.11093358, 0.11065662, 0.11037815,
       0.11009846, 0.10981695, 0.10953429, 0.10925025, 0.10896493,
       0.10867836, 0.10839057, 0.10810173, 0.1078116 , 0.10752055,
       0.10722852, 0.10693553, 0.10664162, 0.10634691, 0.10605128,
       0.10575515, 0.10545835, 0.10516085, 0.1048629 , 0.10456415,
       0.10426542, 0.10396632, 0.10366656, 0.10336686, 0.10306683,
       0.10276681, 0.10246674, 0.10216653, 0.10186674, 0.10156696,
       0.10126744, 0.10096797, 0.10066929, 0.10037085, 0.10007297,
       0.09977567, 0.09947895, 0.09918328, 0.09888815, 0.09859396,
       0.09830082, 0.09800859, 0.09771745, 0.09742764, 0.09713902,
       0.09685183, 0.09656595, 0.09628154, 0.09599879, 0.09571791,
       0.09543829, 0.09516084, 0.09488527, 0.09461144, 0.09433988,
       0.0940703 , 0.09380285, 0.09353796, 0.09327519, 0.09301493,
       0.09275728, 0.09250208, 0.09224962, 0.09199997, 0.09175295,
       0.09150911, 0.09126814, 0.09103013, 0.09079534, 0.09056371,
       0.0903356 , 0.09011051, 0.08988896, 0.08967097, 0.08945644,
       0.08924588, 0.08903871, 0.08883566, 0.08863621, 0.08844078,
       0.08824927, 0.08806193, 0.08787893, 0.08769985, 0.08752503,
       0.08735465, 0.08718877, 0.08702716, 0.08687016, 0.08671769,
       0.08657005, 0.08642691, 0.08628853, 0.08615518, 0.08602667,
       0.08590285, 0.08578429, 0.08567034, 0.08556185, 0.08545825,
       0.08536019, 0.08526693, 0.08517918, 0.08509658, 0.08501957,
       0.08494769, 0.08488128, 0.08482031, 0.08476487, 0.08471489,
       0.08467066, 0.08463198, 0.08459863, 0.08457129, 0.08454932,
       0.08453313, 0.0845228 , 0.08451814, 0.0845191 , 0.084526  ,
       0.08453846, 0.08455688, 0.08458111, 0.08461109, 0.08464701,
       0.0846888 ], dtype=float32), array([-2.46253641e-03, -2.47322516e-03, -2.48275442e-03, -2.49107423e-03,
       -2.49816949e-03, -2.50407560e-03, -2.50886546e-03, -2.51263383e-03,
       -2.51551629e-03, -2.51766110e-03, -2.51922595e-03, -2.52038105e-03,
       -2.52129338e-03, -2.52212291e-03, -2.52301874e-03, -2.52412941e-03,
       -2.52557190e-03, -2.52745364e-03, -2.52987256e-03, -2.53290687e-03,
       -2.53661333e-03, -2.54104654e-03, -2.54622687e-03, -2.55219651e-03,
       -2.55896328e-03, -2.56653266e-03, -2.57490187e-03, -2.58406177e-03,
       -2.59399188e-03, -2.60468744e-03, -2.61611417e-03, -2.62824165e-03,
       -2.64106794e-03, -2.65454700e-03, -2.66864830e-03, -2.68334226e-03,
       -2.69860181e-03, -2.71439389e-03, -2.73068543e-03, -2.74744528e-03,
       -2.76464631e-03, -2.78226180e-03, -2.80025456e-03, -2.81859780e-03,
       -2.83726361e-03, -2.85621192e-03, -2.87545136e-03, -2.89491894e-03,
       -2.91460283e-03, -2.93448127e-03, -2.95452945e-03, -2.97472219e-03,
       -2.99502800e-03, -3.01545156e-03, -3.03594219e-03, -3.05648709e-03,
       -3.07708322e-03, -3.09768996e-03, -3.11831004e-03, -3.13889495e-03,
       -3.15945473e-03, -3.17996570e-03, -3.20040375e-03, -3.22075317e-03,
       -3.24101227e-03, -3.26115120e-03, -3.28116196e-03, -3.30102544e-03,
       -3.32074272e-03, -3.34026958e-03, -3.35962379e-03, -3.37878248e-03,
       -3.39772785e-03, -3.41645219e-03, -3.43495203e-03, -3.45319476e-03,
       -3.47119187e-03, -3.48892454e-03, -3.50637281e-03, -3.52354547e-03,
       -3.54041970e-03, -3.55698509e-03, -3.57324604e-03, -3.58917824e-03,
       -3.60478128e-03, -3.62005488e-03, -3.63496867e-03, -3.64954202e-03,
       -3.66374502e-03, -3.67757413e-03, -3.69104423e-03, -3.70412863e-03,
       -3.71682211e-03, -3.72911996e-03, -3.74103099e-03, -3.75252224e-03,
       -3.76361672e-03, -3.77428859e-03, -3.78455035e-03, -3.79438260e-03,
       -3.80378820e-03, -3.81276385e-03, -3.82130516e-03, -3.82940972e-03,
       -3.83706736e-03, -3.84428653e-03, -3.85107050e-03, -3.85738908e-03,
       -3.86326192e-03, -3.86868265e-03, -3.87364695e-03, -3.87815860e-03,
       -3.88221540e-03, -3.88581231e-03, -3.88894884e-03, -3.89163018e-03,
       -3.89384910e-03, -3.89561055e-03, -3.89691424e-03, -3.89776091e-03,
       -3.89815141e-03, -3.89808375e-03, -3.89756155e-03, -3.89657938e-03,
       -3.89515532e-03, -3.89326941e-03, -3.89094079e-03, -3.88816709e-03,
       -3.88494695e-03, -3.88128373e-03, -3.87718686e-03, -3.87265193e-03,
       -3.86767779e-03, -3.86228540e-03, -3.85646022e-03, -3.85021586e-03,
       -3.84354701e-03, -3.83647155e-03, -3.82898509e-03, -3.82108540e-03,
       -3.81279519e-03, -3.80409985e-03, -3.79501430e-03, -3.78553938e-03,
       -3.77569350e-03, -3.76546331e-03, -3.75485982e-03, -3.74389251e-03,
       -3.73256707e-03, -3.72088646e-03, -3.70885377e-03, -3.69648556e-03,
       -3.68377624e-03, -3.67073603e-03, -3.65737516e-03, -3.64369274e-03,
       -3.62970258e-03, -3.61540215e-03, -3.60080485e-03, -3.58591992e-03,
       -3.57074826e-03, -3.55529823e-03, -3.53957912e-03, -3.52359237e-03,
       -3.50734818e-03, -3.49085366e-03, -3.47411643e-03, -3.45714183e-03,
       -3.43993734e-03, -3.42251418e-03, -3.40486900e-03, -3.38701896e-03,
       -3.36896907e-03, -3.35072423e-03, -3.33229453e-03, -3.31367678e-03,
       -3.29489738e-03, -3.27594870e-03, -3.25683677e-03, -3.23758115e-03,
       -3.21817950e-03, -3.19863341e-03, -3.17896803e-03, -3.15917255e-03,
       -3.13926098e-03, -3.11923246e-03, -3.09910900e-03, -3.07889408e-03,
       -3.05857809e-03, -3.03818794e-03, -3.01771592e-03, -2.99717274e-03,
       -2.97656509e-03, -2.95590437e-03, -2.93519478e-03, -2.91442572e-03,
       -2.89362748e-03, -2.87280104e-03, -2.85194034e-03, -2.83105730e-03,
       -2.81015783e-03, -2.78925087e-03, -2.76833937e-03, -2.74742855e-03,
       -2.72652244e-03, -2.70562692e-03, -2.68474393e-03, -2.66388408e-03,
       -2.64305510e-03, -2.62224681e-03, -2.60147607e-03, -2.58075235e-03,
       -2.56006801e-03, -2.53943368e-03, -2.51884637e-03, -2.49831630e-03,
       -2.47785469e-03, -2.45744692e-03, -2.43711282e-03, -2.41685148e-03,
       -2.39666027e-03, -2.37655257e-03, -2.35652279e-03, -2.33658129e-03,
       -2.31672380e-03, -2.29695651e-03, -2.27728595e-03, -2.25770993e-03,
       -2.23823132e-03, -2.21886057e-03, -2.19958606e-03, -2.18042068e-03,
       -2.16136209e-03, -2.14241685e-03, -2.12358197e-03, -2.10486237e-03,
       -2.08625247e-03, -2.06776990e-03, -2.04940240e-03, -2.03114857e-03,
       -2.01302405e-03, -1.99502337e-03, -1.97714156e-03, -1.95938835e-03,
       -1.94176251e-03, -1.92426006e-03, -1.90688925e-03, -1.88964115e-03,
       -1.87253605e-03, -1.85555518e-03, -1.83870195e-03, -1.82198158e-03,
       -1.80539457e-03, -1.78894100e-03, -1.77261634e-03, -1.75642798e-03,
       -1.74036963e-03, -1.72444607e-03, -1.70866097e-03, -1.69300822e-03,
       -1.67747602e-03, -1.66208636e-03, -1.64683165e-03, -1.63170935e-03,
       -1.61671910e-03, -1.60185905e-03, -1.58713245e-03, -1.57254454e-03,
       -1.55807567e-03, -1.54374801e-03, -1.52954632e-03, -1.51547739e-03,
       -1.50153381e-03, -1.48772756e-03, -1.47404457e-03, -1.46049136e-03,
       -1.44706670e-03, -1.43376823e-03, -1.42059529e-03, -1.40755437e-03,
       -1.39463329e-03, -1.38183833e-03, -1.36916673e-03, -1.35661996e-03,
       -1.34419502e-03, -1.33189586e-03, -1.31971798e-03, -1.30765574e-03,
       -1.29572278e-03, -1.28389712e-03, -1.27220414e-03, -1.26062431e-03,
       -1.24916268e-03, -1.23781379e-03, -1.22658767e-03, -1.21547098e-03,
       -1.20447442e-03, -1.19359353e-03, -1.18282109e-03, -1.17216312e-03,
       -1.16162734e-03, -1.15119678e-03, -1.14087820e-03, -1.13067091e-03,
       -1.12057783e-03, -1.11059102e-03, -1.10071877e-03, -1.09095041e-03,
       -1.08129110e-03, -1.07174655e-03, -1.06230040e-03, -1.05296676e-03,
       -1.04373754e-03, -1.03461834e-03, -1.02560517e-03, -1.01669576e-03,
       -1.00788999e-03, -9.99192981e-04, -9.90598858e-04, -9.82111613e-04,
       -9.73725058e-04, -9.65447618e-04, -9.57271715e-04, -9.49198886e-04,
       -9.41226435e-04, -9.33359590e-04, -9.25597547e-04, -9.17931354e-04,
       -9.10375042e-04, -9.02917747e-04, -8.95562515e-04, -8.88309954e-04,
       -8.81158606e-04, -8.74113858e-04, -8.67165335e-04, -8.60319906e-04,
       -8.53572309e-04, -8.46931519e-04, -8.40389920e-04, -8.33951678e-04,
       -8.27617563e-04, -8.21383237e-04, -8.15242683e-04, -8.09211232e-04,
       -8.03285481e-04, -7.97453379e-04, -7.91729434e-04, -7.86101118e-04,
       -7.80579495e-04, -7.75158008e-04, -7.69838422e-04, -7.64623425e-04,
       -7.59502793e-04, -7.54494186e-04, -7.49580123e-04, -7.44773630e-04,
       -7.40067393e-04, -7.35468440e-04, -7.30965510e-04, -7.26574319e-04,
       -7.22279371e-04, -7.18089972e-04, -7.14003959e-04, -7.10024466e-04,
       -7.06152681e-04, -7.02374389e-04, -6.98702697e-04, -6.95137278e-04,
       -6.91676290e-04, -6.88321352e-04, -6.85068021e-04, -6.81923238e-04,
       -6.78880669e-04, -6.75945980e-04, -6.73118676e-04, -6.70391373e-04,
       -6.67767168e-04, -6.65261196e-04, -6.62847965e-04, -6.60548615e-04,
       -6.58352170e-04, -6.56267183e-04, -6.54278962e-04, -6.52408012e-04,
       -6.50630098e-04, -6.48969382e-04, -6.47417395e-04, -6.45964327e-04,
       -6.44630296e-04, -6.43389704e-04, -6.42258965e-04, -6.41243227e-04,
       -6.40317910e-04, -6.39516396e-04, -6.38834014e-04, -6.38214940e-04,
       -6.37751746e-04, -6.37371173e-04, -6.37109857e-04, -6.36964161e-04,
        1.07488371e-05,  5.52620718e-04,  5.52309172e-04,  5.51806832e-04,
        5.51071193e-04,  5.50171956e-04,  5.49037482e-04,  5.47708527e-04,
        5.46178476e-04,  5.44439932e-04,  5.42502558e-04,  5.40366075e-04,
        5.38010742e-04,  5.35472136e-04,  5.32714825e-04,  5.29761208e-04,
        5.26611461e-04,  5.23252956e-04,  5.19699837e-04,  5.15941623e-04,
        5.11988872e-04,  5.07833759e-04,  5.03477212e-04,  4.98918937e-04,
        4.94176555e-04,  4.89230310e-04,  4.84084819e-04,  4.78748333e-04,
        4.73211967e-04,  4.67484085e-04,  4.61561123e-04,  4.55444597e-04,
        4.49137850e-04,  4.42642047e-04,  4.35951460e-04,  4.29070478e-04,
        4.22005841e-04,  4.14744946e-04,  4.07306161e-04,  3.99675342e-04,
        3.91865617e-04,  3.83863274e-04,  3.75678910e-04,  3.67319558e-04,
        3.58769350e-04,  3.50046662e-04,  3.41138107e-04,  3.32059295e-04,
        3.22795924e-04,  3.13358633e-04,  3.03747366e-04,  2.93961262e-04,
        2.84002373e-04,  2.73872472e-04,  2.63572491e-04,  2.53101608e-04,
        2.42463934e-04,  2.31657075e-04,  2.20682946e-04,  2.09552390e-04,
        1.98249369e-04,  1.86792837e-04,  1.75171673e-04,  1.63390888e-04,
        1.51451966e-04,  1.39356699e-04,  1.27102406e-04,  1.14697873e-04,
        1.02139416e-04,  8.94310579e-05,  7.65706860e-05,  6.35614660e-05,
        5.04047308e-05,  3.71000231e-05,  2.36507655e-05,  1.00602333e-05,
       -3.67224383e-06, -1.75498392e-05, -3.15608403e-05, -4.57141767e-05,
       -6.00015881e-05, -7.44262710e-05, -8.89824123e-05, -1.03672095e-04,
       -1.18491412e-04, -1.33444775e-04, -1.48519684e-04, -1.63725918e-04,
       -1.79052981e-04, -1.94509062e-04, -2.10083309e-04, -2.25778429e-04,
       -2.41595592e-04, -2.57529493e-04, -2.73579826e-04, -2.89744062e-04,
       -3.06020990e-04, -3.22412384e-04, -3.38915394e-04, -3.55526854e-04,
       -3.72239755e-04, -3.89065494e-04, -4.05995319e-04, -4.23024301e-04,
       -4.40157222e-04, -4.57392552e-04, -4.74721782e-04, -4.92146356e-04,
       -5.09676095e-04, -5.27294825e-04, -5.45003656e-04, -5.62805363e-04,
       -5.80697463e-04, -5.98675921e-04, -6.16741217e-04, -6.34892551e-04,
       -6.53124338e-04, -6.71441110e-04, -6.89834624e-04, -7.08310763e-04,
       -7.26864192e-04, -7.45488836e-04, -7.64189046e-04, -7.82957566e-04,
       -8.01805193e-04, -8.20714533e-04, -8.39696030e-04, -8.58739583e-04,
       -8.77847768e-04, -8.97018437e-04, -9.16251685e-04, -9.35542234e-04,
       -9.54892006e-04, -9.74294873e-04, -9.93757059e-04, -1.01326259e-03,
       -1.03282607e-03, -1.05244015e-03, -1.07209521e-03, -1.09179623e-03,
       -1.11153929e-03, -1.13132932e-03, -1.15115338e-03, -1.17101915e-03,
       -1.19091876e-03, -1.21085342e-03, -1.23082304e-03, -1.25082419e-03,
       -1.27084355e-03, -1.29090027e-03, -1.31097698e-03, -1.33107478e-03,
       -1.35119389e-03, -1.37133514e-03, -1.39148762e-03, -1.41165201e-03,
       -1.43183944e-03, -1.45203206e-03, -1.47222796e-03, -1.49243248e-03,
       -1.51264246e-03, -1.53285252e-03, -1.55306289e-03, -1.57326670e-03,
       -1.59346550e-03, -1.61365975e-03, -1.63383977e-03, -1.65400473e-03,
       -1.67416153e-03, -1.69429870e-03, -1.71441315e-03, -1.73450589e-03,
       -1.75457670e-03, -1.77461417e-03, -1.79462907e-03, -1.81460732e-03,
       -1.83454978e-03, -1.85445331e-03, -1.87431389e-03, -1.89413558e-03,
       -1.91390444e-03, -1.93362938e-03, -1.95330395e-03, -1.97292032e-03,
       -1.99247587e-03, -2.01197493e-03, -2.03141046e-03, -2.05077238e-03,
       -2.07006680e-03, -2.08929285e-03, -2.10844220e-03, -2.12750789e-03,
       -2.14649308e-03, -2.16539229e-03, -2.18420277e-03, -2.20292242e-03,
       -2.22154264e-03, -2.24006627e-03, -2.25848633e-03, -2.27680473e-03,
       -2.29501458e-03, -2.31310485e-03, -2.33108329e-03, -2.34894181e-03,
       -2.36667876e-03, -2.38428877e-03, -2.40176871e-03, -2.41911254e-03,
       -2.43632568e-03, -2.45338836e-03, -2.47031277e-03, -2.48708261e-03,
       -2.50370923e-03, -2.52017188e-03, -2.53648063e-03, -2.55262341e-03,
       -2.56859996e-03, -2.58440970e-03, -2.60003747e-03, -2.61549119e-03,
       -2.63075774e-03, -2.64584760e-03, -2.66074331e-03, -2.67544381e-03,
       -2.68994478e-03, -2.70425259e-03, -2.71834943e-03, -2.73223752e-03,
       -2.74591757e-03, -2.75937390e-03, -2.77261846e-03, -2.78563549e-03,
       -2.79841927e-03, -2.81098227e-03, -2.82330175e-03, -2.83538286e-03,
       -2.84722602e-03, -2.85882038e-03, -2.87016374e-03, -2.88125844e-03,
       -2.89209331e-03, -2.90266420e-03, -2.91297802e-03, -2.92301548e-03,
       -2.93279303e-03, -2.94229480e-03, -2.95151957e-03, -2.96045725e-03,
       -2.96911588e-03, -2.97748724e-03, -2.98556537e-03, -2.99335989e-03,
       -3.00085017e-03, -3.00804621e-03, -3.01494116e-03, -3.02153186e-03,
       -3.02780833e-03, -3.03378333e-03, -3.03944751e-03, -3.04479428e-03,
       -3.04982354e-03, -3.05453825e-03, -3.05893291e-03, -3.06299753e-03,
       -3.06674184e-03, -3.07016357e-03, -3.07325286e-03, -3.07601105e-03,
       -3.07844091e-03, -3.08054119e-03, -3.08229611e-03, -3.08372534e-03,
       -3.08481887e-03, -3.08557406e-03, -3.08599022e-03, -3.08606854e-03,
       -3.08581084e-03, -3.08520145e-03, -3.08426464e-03, -3.08298406e-03,
       -3.08136697e-03, -3.07940925e-03, -3.07710556e-03, -3.07446575e-03,
       -3.07149706e-03, -3.06818232e-03, -3.06452971e-03, -3.06054755e-03,
       -3.05622310e-03, -3.05157219e-03, -3.04658188e-03, -3.04126786e-03,
       -3.03562091e-03, -3.02965598e-03, -3.02335978e-03, -3.01674539e-03,
       -3.00980645e-03, -3.00255339e-03, -2.99498500e-03, -2.98710880e-03,
       -2.97892471e-03, -2.97043446e-03, -2.96164446e-03, -2.95255642e-03,
       -2.94318004e-03, -2.93350389e-03, -2.92355102e-03, -2.91331150e-03,
       -2.90280739e-03, -2.89202791e-03, -2.88097773e-03, -2.86967040e-03,
       -2.85811387e-03, -2.84630131e-03, -2.83424566e-03, -2.82195273e-03,
       -2.80943361e-03, -2.79668780e-03, -2.78371965e-03, -2.77055481e-03,
       -2.75717669e-03, -2.74360610e-03, -2.72985101e-03, -2.71591663e-03,
       -2.70180919e-03, -2.68755148e-03, -2.67312877e-03, -2.65857009e-03,
       -2.64388190e-03, -2.62906654e-03, -2.61414200e-03, -2.59912328e-03,
       -2.58400543e-03, -2.56881343e-03, -2.55355437e-03, -2.53825098e-03,
       -2.52290332e-03, -2.50753329e-03, -2.49215006e-03, -2.47677059e-03,
       -2.46141870e-03, -2.44609702e-03, -2.43082651e-03, -2.41562979e-03,
       -2.40052273e-03, -2.38552216e-03, -2.37065625e-03, -2.35592779e-03,
       -2.34138368e-03, -2.32701902e-03, -2.31288797e-03, -2.29898090e-03,
       -2.28535656e-03, -2.27202783e-03, -2.25900634e-03, -2.24635790e-03,
       -2.23408352e-03, -2.22223044e-03, -2.21082808e-03, -2.19990772e-03,
       -2.18951085e-03, -2.17967506e-03, -2.17043613e-03, -2.16184587e-03,
       -2.15393858e-03, -2.14675376e-03, -2.14034840e-03, -2.13475034e-03,
       -2.13001557e-03, -2.12620445e-03, -2.12334879e-03, -2.12149171e-03,
       -2.12069393e-03, -2.12098514e-03, -2.12241871e-03, -2.12502909e-03,
       -2.12884679e-03, -2.13389920e-03, -2.14022364e-03, -2.14780030e-03,
       -2.15666625e-03, -2.16678167e-03, -2.17813915e-03, -2.19068729e-03,
       -2.20436907e-03, -2.21910111e-03, -2.23478496e-03, -2.25129831e-03,
       -2.26849762e-03, -2.28622084e-03, -2.30428297e-03, -2.32249768e-03,
       -2.34065560e-03, -2.35855823e-03, -2.37600624e-03, -2.39280996e-03,
       -2.40881036e-03, -2.42386363e-03, -2.43787055e-03, -2.45076016e-03,
       -2.45785550e-03]), array([ 1.84718890e-04,  1.21384565e-04,  5.72510459e-05, -7.25046663e-06,
       -7.17034702e-05, -1.35681252e-04, -1.98807352e-04, -2.60734702e-04,
       -3.21136324e-04, -3.79730340e-04, -4.36311779e-04, -4.90687866e-04,
       -5.42730466e-04, -5.92351820e-04, -6.39492510e-04, -6.84129944e-04,
       -7.26284573e-04, -7.65973969e-04, -8.03265548e-04, -8.38212919e-04,
       -8.70905730e-04, -9.01421779e-04, -9.29865256e-04, -9.56315096e-04,
       -9.80873604e-04, -1.00363567e-03, -1.02468909e-03, -1.04412711e-03,
       -1.06205509e-03, -1.07851152e-03, -1.09362745e-03, -1.10746291e-03,
       -1.12006082e-03, -1.13151517e-03, -1.14189287e-03, -1.15124734e-03,
       -1.15963447e-03, -1.16711057e-03, -1.17370329e-03, -1.17948799e-03,
       -1.18450117e-03, -1.18877463e-03, -1.19235574e-03, -1.19527413e-03,
       -1.19756455e-03, -1.19927207e-03, -1.20038051e-03, -1.20098294e-03,
       -1.20106503e-03, -1.20064600e-03, -1.19978589e-03, -1.19846319e-03,
       -1.19673010e-03, -1.19457968e-03, -1.19205216e-03, -1.18917113e-03,
       -1.18592440e-03, -1.18234507e-03, -1.17843342e-03, -1.17422842e-03,
       -1.16973451e-03, -1.16493962e-03, -1.15989523e-03, -1.15459124e-03,
       -1.14902665e-03, -1.14323511e-03, -1.13719955e-03, -1.13096562e-03,
       -1.12449998e-03, -1.11786741e-03, -1.11102585e-03, -1.10398757e-03,
       -1.09678399e-03, -1.08941292e-03, -1.08185404e-03, -1.07416834e-03,
       -1.06631605e-03, -1.05831398e-03, -1.05019346e-03, -1.04190261e-03,
       -1.03350503e-03, -1.02498690e-03, -1.01633127e-03, -1.00757893e-03,
       -9.98706902e-04, -9.89712615e-04, -9.80647543e-04, -9.71443502e-04,
       -9.62183158e-04, -9.52814488e-04, -9.43343513e-04, -9.33794871e-04,
       -9.24178168e-04, -9.14456984e-04, -9.04676239e-04, -8.94810626e-04,
       -8.84882974e-04, -8.74881512e-04, -8.64804765e-04, -8.54688529e-04,
       -8.44482790e-04, -8.34226899e-04, -8.23917333e-04, -8.13550779e-04,
       -8.03126365e-04, -7.92656954e-04, -7.82112064e-04, -7.71551645e-04,
       -7.60935630e-04, -7.50277910e-04, -7.39562715e-04, -7.28837905e-04,
       -7.18019774e-04, -7.07205109e-04, -6.96360271e-04, -6.85441376e-04,
       -6.74537445e-04, -6.63573302e-04, -6.52584317e-04, -6.41569425e-04,
       -6.30527936e-04, -6.19453821e-04, -6.08381690e-04, -5.97265988e-04,
       -5.86139916e-04, -5.74996013e-04, -5.63827413e-04, -5.52648119e-04,
       -5.41474593e-04, -5.30273582e-04, -5.19066386e-04, -5.07836965e-04,
       -4.96643055e-04, -4.85412843e-04, -4.74184255e-04, -4.62971162e-04,
       -4.51754768e-04, -4.40531642e-04, -4.29349785e-04, -4.18141084e-04,
       -4.06954368e-04, -3.95794739e-04, -3.84634135e-04, -3.73523055e-04,
       -3.62388434e-04, -3.51306435e-04, -3.40248978e-04, -3.29211757e-04,
       -3.18189970e-04, -3.07238475e-04, -2.96312144e-04, -2.85393324e-04,
       -2.74543420e-04, -2.63747662e-04, -2.52964790e-04, -2.42252750e-04,
       -2.31590676e-04, -2.20976441e-04, -2.10423837e-04, -1.99914448e-04,
       -1.89503212e-04, -1.79124567e-04, -1.68821247e-04, -1.58609762e-04,
       -1.48439223e-04, -1.38359709e-04, -1.28365448e-04, -1.18446818e-04,
       -1.08604941e-04, -9.88707535e-05, -8.92136890e-05, -7.96354537e-05,
       -7.01653325e-05, -6.07883227e-05, -5.15288177e-05, -4.23522782e-05,
       -3.32924506e-05, -2.43298620e-05, -1.54892480e-05, -6.75803607e-06,
        1.85699352e-06,  1.03692975e-05,  1.87500537e-05,  2.70016066e-05,
        3.51329664e-05,  4.31383560e-05,  5.10306681e-05,  5.87816315e-05,
        6.63913503e-05,  7.38786423e-05,  8.12191873e-05,  8.84378274e-05,
        9.54954042e-05,  1.02439639e-04,  1.09210869e-04,  1.15866560e-04,
        1.22356943e-04,  1.28711425e-04,  1.34916615e-04,  1.40955645e-04,
        1.46885483e-04,  1.52620743e-04,  1.58217568e-04,  1.63671680e-04,
        1.68974050e-04,  1.74113840e-04,  1.79097276e-04,  1.83927694e-04,
        1.88606702e-04,  1.93127458e-04,  1.97494216e-04,  2.01699334e-04,
        2.05766679e-04,  2.09653268e-04,  2.13398364e-04,  2.16989748e-04,
        2.20407566e-04,  2.23692716e-04,  2.26821318e-04,  2.29779576e-04,
        2.32605093e-04,  2.35253880e-04,  2.37777338e-04,  2.40137288e-04,
        2.42347928e-04,  2.44417137e-04,  2.46316139e-04,  2.48088727e-04,
        2.49723734e-04,  2.51184405e-04,  2.52529233e-04,  2.53730149e-04,
        2.54783717e-04,  2.55689038e-04,  2.56469636e-04,  2.57117164e-04,
        2.57645139e-04,  2.58007807e-04,  2.58247315e-04,  2.58394471e-04,
        2.58374746e-04,  2.58247443e-04,  2.57988069e-04,  2.57633383e-04,
        2.57137526e-04,  2.56532724e-04,  2.55808835e-04,  2.54985673e-04,
        2.54042984e-04,  2.52984619e-04,  2.51839980e-04,  2.50585960e-04,
        2.49226327e-04,  2.47765890e-04,  2.46220714e-04,  2.44566145e-04,
        2.42842507e-04,  2.41011947e-04,  2.39087530e-04,  2.37095370e-04,
        2.35022346e-04,  2.32851115e-04,  2.30626989e-04,  2.28306148e-04,
        2.25922156e-04,  2.23461174e-04,  2.20959344e-04,  2.18345103e-04,
        2.15705957e-04,  2.12989050e-04,  2.10215023e-04,  2.07384952e-04,
        2.04513464e-04,  2.01564342e-04,  1.98586879e-04,  1.95555752e-04,
        1.92478425e-04,  1.89358356e-04,  1.86209441e-04,  1.82991939e-04,
        1.79765611e-04,  1.76500163e-04,  1.73185051e-04,  1.69867846e-04,
        1.66507284e-04,  1.63109388e-04,  1.59716793e-04,  1.56274850e-04,
        1.52811698e-04,  1.49353914e-04,  1.45863005e-04,  1.42356177e-04,
        1.38841781e-04,  1.35327980e-04,  1.31773599e-04,  1.28247878e-04,
        1.24689952e-04,  1.21134618e-04,  1.17590700e-04,  1.14041098e-04,
        1.10469869e-04,  1.06907576e-04,  1.03378166e-04,  9.98335553e-05,
        9.62831678e-05,  9.27598164e-05,  8.92310285e-05,  8.57267500e-05,
        8.22268576e-05,  7.87306472e-05,  7.52742624e-05,  7.18134627e-05,
        6.83829713e-05,  6.49533466e-05,  6.15571268e-05,  5.81722127e-05,
        5.48135029e-05,  5.14763141e-05,  4.81628650e-05,  4.48674438e-05,
        4.16060839e-05,  3.83735126e-05,  3.51559201e-05,  3.19635022e-05,
        2.88106590e-05,  2.56901257e-05,  2.25808872e-05,  1.95319277e-05,
        1.64896236e-05,  1.34855515e-05,  1.05182203e-05,  7.58503909e-06,
        4.68244917e-06,  1.80810558e-06, -1.01621747e-06, -3.81355903e-06,
       -6.58133933e-06, -9.29122053e-06, -1.19859782e-05, -1.46279611e-05,
       -1.72377301e-05, -1.98204434e-05, -2.23490534e-05, -2.48329527e-05,
       -2.72948479e-05, -2.97079102e-05, -3.20729592e-05, -3.44238341e-05,
       -3.66964997e-05, -3.89474290e-05, -4.11649730e-05, -4.33369197e-05,
       -4.54472330e-05, -4.75392720e-05, -4.95815373e-05, -5.15813594e-05,
       -5.35493659e-05, -5.54405186e-05, -5.73280705e-05, -5.91404232e-05,
       -6.09455422e-05, -6.26646341e-05, -6.43821652e-05, -6.60076091e-05,
       -6.76370755e-05, -6.92146744e-05, -7.07202677e-05, -7.22010247e-05,
       -7.36554245e-05, -7.50167470e-05, -7.63786410e-05, -7.76843418e-05,
       -7.89405988e-05, -8.01598281e-05, -8.13265864e-05, -8.24410699e-05,
       -8.35504386e-05, -8.45684035e-05, -8.55720536e-05, -8.65170707e-05,
       -8.74198688e-05, -8.82585205e-05, -8.91097791e-05, -8.98705047e-05,
       -9.06236644e-05, -9.13105256e-05, -9.18997606e-05, -9.25577100e-05,
       -9.30229643e-05, -9.35741215e-05, -9.40618378e-05, -9.44423512e-05,
       -9.48796880e-05, -9.51727861e-05, -9.53786404e-05, -9.58228236e-05,
       -9.58399267e-05, -9.60573691e-05, -9.60958111e-05, -9.60320419e-05,
       -6.44025434e-04, -6.15945986e-05, -6.16434756e-05, -6.15723889e-05,
       -6.17007332e-05, -6.14938702e-05, -6.15240016e-05, -6.15105737e-05,
       -6.14019669e-05, -6.13768902e-05, -6.12916719e-05, -6.11821651e-05,
       -6.11772443e-05, -6.10418737e-05, -6.09934560e-05, -6.08956749e-05,
       -6.07739738e-05, -6.06763714e-05, -6.05382873e-05, -6.04388527e-05,
       -6.03195200e-05, -6.01961132e-05, -6.00566460e-05, -5.99365643e-05,
       -5.97770662e-05, -5.96429764e-05, -5.94989687e-05, -5.93452164e-05,
       -5.91937026e-05, -5.90367853e-05, -5.88672508e-05, -5.87264887e-05,
       -5.85514991e-05, -5.83860359e-05, -5.82302524e-05, -5.80546945e-05,
       -5.78756715e-05, -5.77232394e-05, -5.75439761e-05, -5.73868504e-05,
       -5.72082225e-05, -5.70479563e-05, -5.68729428e-05, -5.67190471e-05,
       -5.65503824e-05, -5.63881777e-05, -5.62291161e-05, -5.60702281e-05,
       -5.59238407e-05, -5.57713957e-05, -5.56232616e-05, -5.54812391e-05,
       -5.53515444e-05, -5.52121627e-05, -5.50863948e-05, -5.49649160e-05,
       -5.48443252e-05, -5.47371302e-05, -5.46332804e-05, -5.45326255e-05,
       -5.44408004e-05, -5.43597186e-05, -5.42806971e-05, -5.42140854e-05,
       -5.41524377e-05, -5.40998076e-05, -5.40572348e-05, -5.40202099e-05,
       -5.39949017e-05, -5.39785106e-05, -5.39728058e-05, -5.39754204e-05,
       -5.39871236e-05, -5.40118161e-05, -5.40440912e-05, -5.40892159e-05,
       -5.41436151e-05, -5.42092427e-05, -5.42864653e-05, -5.43748291e-05,
       -5.44734603e-05, -5.45846830e-05, -5.47065760e-05, -5.48413856e-05,
       -5.49878829e-05, -5.51449180e-05, -5.53139231e-05, -5.54967672e-05,
       -5.56890649e-05, -5.58951952e-05, -5.61095647e-05, -5.63399562e-05,
       -5.65823061e-05, -5.68326059e-05, -5.70978256e-05, -5.73722297e-05,
       -5.76629715e-05, -5.79624232e-05, -5.82661858e-05, -5.85901554e-05,
       -5.89258853e-05, -5.92671014e-05, -5.96171681e-05, -5.99809635e-05,
       -6.03583220e-05, -6.07349424e-05, -6.11363743e-05, -6.15333380e-05,
       -6.19432452e-05, -6.23647237e-05, -6.27938049e-05, -6.32236883e-05,
       -6.36703657e-05, -6.41251615e-05, -6.45734576e-05, -6.50411717e-05,
       -6.55110574e-05, -6.59770159e-05, -6.64628089e-05, -6.69425849e-05,
       -6.74242650e-05, -6.79225399e-05, -6.84091826e-05, -6.89033774e-05,
       -6.93984178e-05, -6.98939268e-05, -7.03846761e-05, -7.08869550e-05,
       -7.13750607e-05, -7.18666827e-05, -7.23572429e-05, -7.28437092e-05,
       -7.33179236e-05, -7.38084908e-05, -7.42652746e-05, -7.47318679e-05,
       -7.51856431e-05, -7.56383400e-05, -7.60684895e-05, -7.65047537e-05,
       -7.69180465e-05, -7.73191844e-05, -7.77179260e-05, -7.80997818e-05,
       -7.84550541e-05, -7.88086766e-05, -7.91346001e-05, -7.94524699e-05,
       -7.97509983e-05, -8.00248242e-05, -8.02746631e-05, -8.05142770e-05,
       -8.07269578e-05, -8.09082483e-05, -8.10735516e-05, -8.12100282e-05,
       -8.13227211e-05, -8.13924728e-05, -8.14502032e-05, -8.14688846e-05,
       -8.14694607e-05, -8.14080999e-05, -8.13389961e-05, -8.12382673e-05,
       -8.10774342e-05, -8.08913296e-05, -8.06666946e-05, -8.04118190e-05,
       -8.01089063e-05, -7.97574167e-05, -7.93608740e-05, -7.89401303e-05,
       -7.84513496e-05, -7.79204718e-05, -7.73599449e-05, -7.67315110e-05,
       -7.60592153e-05, -7.53338111e-05, -7.45481492e-05, -7.37284400e-05,
       -7.28345546e-05, -7.19006552e-05, -7.08959470e-05, -6.98304643e-05,
       -6.87232352e-05, -6.75418383e-05, -6.62976270e-05, -6.50031857e-05,
       -6.36257501e-05, -6.21941412e-05, -6.06936771e-05, -5.91287792e-05,
       -5.74883251e-05, -5.57843919e-05, -5.40104239e-05, -5.21641911e-05,
       -5.02368236e-05, -4.82361713e-05, -4.61691097e-05, -4.40361303e-05,
       -4.17907071e-05, -3.95019161e-05, -3.71177000e-05, -3.46526117e-05,
       -3.21166207e-05, -2.94821773e-05, -2.67871781e-05, -2.39835473e-05,
       -2.11181532e-05, -1.81488619e-05, -1.51065297e-05, -1.19686451e-05,
       -8.75103420e-06, -5.43650908e-06, -2.02469027e-06,  1.46538727e-06,
        5.04649716e-06,  8.71718822e-06,  1.24881078e-05,  1.63598812e-05,
        2.03135822e-05,  2.43642931e-05,  2.85079588e-05,  3.27574261e-05,
        3.70948038e-05,  4.15389595e-05,  4.60642371e-05,  5.07041803e-05,
        5.54384947e-05,  6.02824207e-05,  6.52159977e-05,  7.02444863e-05,
        7.53856603e-05,  8.06240457e-05,  8.59619090e-05,  9.14059252e-05,
        9.69640226e-05,  1.02600947e-04,  1.08360087e-04,  1.14227712e-04,
        1.20172227e-04,  1.26253094e-04,  1.32425439e-04,  1.38707460e-04,
        1.45089397e-04,  1.51577194e-04,  1.58189227e-04,  1.64879863e-04,
        1.71684073e-04,  1.78619308e-04,  1.85636021e-04,  1.92752714e-04,
        2.00004160e-04,  2.07351471e-04,  2.14798302e-04,  2.22351250e-04,
        2.30034915e-04,  2.37789980e-04,  2.45676341e-04,  2.53656592e-04,
        2.61752936e-04,  2.69965384e-04,  2.78254744e-04,  2.86675267e-04,
        2.95193048e-04,  3.03808531e-04,  3.12542405e-04,  3.21383983e-04,
        3.30300605e-04,  3.39354408e-04,  3.48498284e-04,  3.57746771e-04,
        3.67081828e-04,  3.76534149e-04,  3.86089791e-04,  3.95736959e-04,
        4.05483734e-04,  4.15333409e-04,  4.25264037e-04,  4.35311282e-04,
        4.45446293e-04,  4.55673238e-04,  4.65996804e-04,  4.76412011e-04,
        4.86898384e-04,  4.97505985e-04,  5.08174028e-04,  5.18930602e-04,
        5.29800314e-04,  5.40715868e-04,  5.51731886e-04,  5.62816439e-04,
        5.73981889e-04,  5.85211210e-04,  5.96538436e-04,  6.07916992e-04,
        6.19370302e-04,  6.30884947e-04,  6.42459421e-04,  6.54100102e-04,
        6.65804936e-04,  6.77542188e-04,  6.89350827e-04,  7.01201680e-04,
        7.13092801e-04,  7.25037019e-04,  7.37008448e-04,  7.49029245e-04,
        7.61061139e-04,  7.73132296e-04,  7.85232787e-04,  7.97344862e-04,
        8.09457116e-04,  8.21611440e-04,  8.33742107e-04,  8.45898020e-04,
        8.58039320e-04,  8.70165997e-04,  8.82294754e-04,  8.94386876e-04,
        9.06460561e-04,  9.18522053e-04,  9.30520151e-04,  9.42488588e-04,
        9.54411933e-04,  9.66262783e-04,  9.78079031e-04,  9.89807858e-04,
        1.00145976e-03,  1.01304009e-03,  1.02451912e-03,  1.03588983e-03,
        1.04717662e-03,  1.05833505e-03,  1.06938163e-03,  1.08028034e-03,
        1.09103944e-03,  1.10164023e-03,  1.11207659e-03,  1.12235379e-03,
        1.13242519e-03,  1.14231091e-03,  1.15199649e-03,  1.16144619e-03,
        1.17066581e-03,  1.17962593e-03,  1.18832875e-03,  1.19676151e-03,
        1.20488291e-03,  1.21270435e-03,  1.22017581e-03,  1.22731667e-03,
        1.23407212e-03,  1.24043270e-03,  1.24640068e-03,  1.25190232e-03,
        1.25695013e-03,  1.26149756e-03,  1.26552123e-03,  1.26899494e-03,
        1.27186754e-03,  1.27412356e-03,  1.27571643e-03,  1.27658532e-03,
        1.27670466e-03,  1.27601962e-03,  1.27447158e-03,  1.27202628e-03,
        1.26860165e-03,  1.26412469e-03,  1.25853750e-03,  1.25177871e-03,
        1.24373463e-03,  1.23434536e-03,  1.22350526e-03,  1.21111942e-03,
        1.19708928e-03,  1.18130560e-03,  1.16364803e-03,  1.14402237e-03,
        1.12227992e-03,  1.09834111e-03,  1.07205672e-03,  1.04333781e-03,
        1.01207414e-03,  9.78178178e-04,  9.41586302e-04,  9.02233168e-04,
        8.60097861e-04,  8.15196857e-04,  7.67579435e-04,  7.17329231e-04,
        6.64589558e-04,  6.09543948e-04,  5.52429675e-04,  4.93533696e-04,
        4.33186397e-04,  3.71746843e-04,  3.09611678e-04,  2.47205721e-04,
        2.39030458e-04]))

Process finished with exit code 0
