/home/erfan/pinn_envs/pinn_1/bin/python3 /mnt/c/Users/Erfan/PycharmProjects/Test/MyClaude/InspiredByPaper/gptsecond/after The long run/second/withAdaptiveSampling/show_last_lines.py 
   0                   1                   2                      3                      4                      5                     6   7   8
1000  2.7564713954925537 0.08782713860273361  0.0010047220857813954  0.0012101111933588982 0.00040765522862784564  0.004643918015062809 0.0 0.0
1500  3.0030386447906494 0.10293232649564743  0.0009091763640753925  0.0011130375787615776  0.0002383246028330177  0.004394919611513615 0.0 0.0
2000   2.757009506225586 0.16112586855888367 0.00043872700189240277  0.0010411608964204788  8.146096661221236e-06 0.0035785920917987823 0.0 0.0
   1 0.22265654802322388   0.122980035841465 2.4133971237461083e-05  0.0007420206675305963 0.00037585338577628136  0.006469521671533585 0.0 0.0
 100  0.4798928201198578  0.1357172131538391  0.0007257850375026464  0.0001779954764060676  0.0011325597297400236 0.0014903313713148236 0.0 0.0
 200  0.7290045619010925 0.11719699203968048  0.0002128119522240013  0.0002225009084213525  1.846921441028826e-05  0.004950025584548712 0.0 0.0
 300   1.367019534111023 0.16252045333385468  0.0017337650060653687 0.00030883107683621347  0.0019108268897980452  0.005456646904349327 0.0 0.0
 400  1.5593215227127075 0.17921729385852814  0.0003954056301154196  0.0004062569350935519 1.1743914910766762e-05  0.005567552987486124 0.0 0.0
 500  2.2449657917022705 0.21225430071353912  0.0016629709862172604  0.0006237580673769116  0.0011095893569290638  0.004947329871356487 0.0 0.0
 600    2.35524582862854 0.16948369145393372  0.0014188926434144378  0.0005716414889320731  0.0007056848844513297  0.004846767522394657 0.0 0.0

Process finished with exit code 0
